8 2
1 'O' 1.599940e+01 3.04999995231628 106.699996948242 0
0 1 
0.000000e+00 2.424450e+05 0.000000e+00
1
2.141369e+02 2.091563e+01 4.837358e-04 -8.358790e-02 -9.963326e-01 1.214682e+00 0.000000e+00 2.981500e+02 6.000000e+03
2 'O2' 3.199880e+01 3.46700000762939 106.699996948242 0
0 2 
0.000000e+00 -8.682000e+03 0.000000e+00
2
2.574101e+02 2.285547e+01 5.515770e-04 -1.411190e-01 1.027413e+02 -1.789849e+02 1.738724e+02 2.981500e+02 2.200000e+03
2.844995e+02 3.428322e+01 -1.829026e-02 7.017764e-01 1.213144e+01 -2.165590e+00 0.000000e+00 2.200000e+03 6.000000e+03
4 'H' 1.007900e+00 2.70799994468689 37 0
1 0 
0.000000e+00 2.118000e+05 0.000000e+00
1
1.668363e+02 2.078602e+01 0.000000e+00 3.832097e-13 0.000000e+00 0.000000e+00 0.000000e+00 2.981500e+02 6.000000e+03
5 'H2' 2.015800e+00 2.93 34.1 0
2 0 
0.000000e+00 -8.468000e+03 0.000000e+00
2
2.020103e+02 2.838868e+01 1.747057e-04 -1.069859e-02 4.080560e-01 3.897933e+01 -3.885400e+01 2.981500e+02 3.200000e+03
2.057485e+02 3.652563e+01 -1.225700e-01 2.522504e+00 5.193927e+00 0.000000e+00 0.000000e+00 3.200000e+03 6.000000e+03
6 'OH' 1.700730e+01 3.1470000743866 79.8000030517578 0
1 1 
0.000000e+00 3.052200e+04 0.000000e+00
2
2.590333e+02 2.950686e+01 4.277074e-04 -4.076250e-02 -1.724556e+01 1.008645e+02 -1.248887e+02 2.981500e+02 2.200000e+03
2.554189e+02 3.068658e+01 -1.304304e-02 5.136486e-01 1.396922e+01 -3.265119e+00 0.000000e+00 2.200000e+03 6.000000e+03
7 'HO2' 3.300670e+01 3.04999995231628 445 0
1 2 
0.000000e+00 -3.159997e+02 0.000000e+00
2
2.891820e+02 2.758182e+01 -3.971822e-04 -2.442753e-02 1.542658e+02 -2.163496e+02 1.863392e+02 2.981500e+02 2.200000e+03
3.177548e+02 3.959669e+01 -1.241536e-02 7.765436e-01 6.090395e+01 -3.811307e+01 1.176754e+01 2.200000e+03 6.000000e+03
11 'H2O2' 3.401460e+01 4.196000009918213 289.299987792969 0
2 2 
0.000000e+00 -1.470380e+05 0.000000e+00
2
3.009324e+02 3.211812e+01 -9.529238e-04 9.753250e-02 2.327972e+02 -3.140395e+02 2.499871e+02 2.981500e+02 2.200000e+03
3.859174e+02 7.742436e+01 -1.318254e-01 5.257227e+00 7.022919e+00 0.000000e+00 0.000000e+00 2.200000e+03 6.000000e+03
9 'H2O' 1.801520e+01 2.71000003814697 506 1.85000002384186
2 1 
0.000000e+00 -2.517220e+05 0.000000e+00
1
2.482372e+02 2.538366e+01 1.196217e-03 -2.309405e-01 9.723396e+01 -6.238578e+01 2.242427e+01 2.981500e+02 6.000000e+03
